-1.0066236789078504,3.1318850135043546,4.419320398700195
2.678543424978483,-5.865705072365706,-4.937575327206468
-5.009508254712285,7.622149952184491,1.8299130531373367
0.06403399612403926,8.554550212525688,-5.779217114123597
-1.580214582647925,3.2471249681461165,3.7348943412652176
-3.6271837893019647,6.4558078293527235,2.1250121443087453
-5.763438088588864,-5.684059152600009,-10.57784136545001
-5.266187630304348,7.386120619203645,0.9848309795182277
-7.630431526939777,3.266663039228443,-7.84513665712358
-4.045642592945074,-8.109699949762495,5.966527284170629
-2.128789073191075,-7.3294696715672005,6.500587080367834
-4.482810101477848,-8.348919948676404,-7.7642183353542755
10.342391592584049,6.85172998199382,-4.714769011582973
-4.936608316546799,-9.065099218046216,6.5011635323480235
2.731263434111347,0.32785866284115617,-8.155128359370206
-7.313849127906343,4.601927754299314,-8.77949987204221
-2.692764290392983,-8.550148474576408,7.991742307738242
4.2320280157031736,-5.728556403513792,-2.3388267969545855
-0.9921961731569686,6.430320293808743,-6.941977519996774
-1.1244469785442384,4.7598728042751866,0.9029880073701997
3.3310007445550203,-0.11648407370317215,-4.750898236321266
2.028464417982339,-5.169273192671329,-4.493830251959354
7.679629077889935,5.819809068353459,-5.491788176080954
4.974869718432515,-5.458317450845749,-4.4384188251862815
7.855107211008663,7.175610830175319,-4.798891514468034
-5.793049672376176,7.973296472197403,1.7309315821223203
3.0633899214691676,-7.372628733547945,-5.800848942138785
-4.311704823349776,-4.923565730809434,-8.71034520924706
-6.9984205079409065,3.1306898937322902,-7.670620458459007
5.37505744073041,-5.874342919012407,-5.928789119714571
9.475027860025527,6.2010449862565755,-7.0089642299559465
3.342731600766917,-0.4094791708155434,-6.313755840298123
5.5366152806053375,-5.6822924830781,-2.909316889788291
-3.7170678579140377,-7.444449692153558,-9.367904884982305
9.350061654208211,5.131658656464686,-5.176569236121053
9.175742027447683,3.8311201283837746,-6.7526179621784514
-0.72180894718276,4.818746938200996,-5.343579170392781
0.043976642915692477,7.192384673776945,-5.251436300167378
2.854815817020828,0.21488944016807787,-6.944893144614449
-8.41735267148051,3.877383016564625,-7.993516448108943
2.5546513176606114,-0.7397078004440403,-6.945502188565406
3.775788755174596,0.8460346483071014,-5.847949017845597
-4.928695876476411,8.921514375096493,0.07493551864724446
-4.962869504794248,6.926851434021643,1.829695386332887
4.163023765076153,-5.109233569865396,-5.9296651687262685
-3.141211858000859,-9.665533357105357,-2.1622917366065337
-4.517010768590658,-9.486825640925233,-2.7775767194238408
-5.891209469056923,-6.73460197824102,-8.818390469042116
3.7259585739995855,0.3208002638407742,-5.381512766924095
8.924039357419513,5.737486769298161,-7.1660397921086165
3.1929016729877366,-6.767713349811148,-4.952011922030056
-5.238847650406489,-8.265749773510374,5.732436683898645
0.6330706880269912,2.2348181110660517,1.7485546210898295
-6.599082012431538,1.9502509563929933,-8.370705822403712
-6.260761899541784,-5.7346572117870185,-10.188920620138989
-3.9898641458719633,-7.521359177197023,-9.057415137403874
0.17669215748134603,5.95576516153121,3.2495385075330128
-4.525756224733804,7.612389231705415,1.7994474589027625
-0.6733415263004517,7.516482773204308,-7.310142777816842
-4.157449384990853,-8.06574768760254,7.369151929441251
1.9884947552064707,-0.7138300699741035,-5.488131231722877
-5.283813522357738,-6.657368750093365,-1.146125681307215
-4.450278291868696,6.435742860843531,1.2360575824685545
8.67379909232878,5.575701861921308,-4.958762220105967
-4.932569593061843,-8.052138247117295,8.357053125696247
-4.007365017413567,-6.908459085220505,-8.100108425342938
-6.492199341432368,7.648817415265028,1.6591391230759416
0.23030745561867838,3.777969437660825,3.6059819303032787
5.538023278991211,-6.265954874967494,-5.914870808201049
-7.880048531464956,3.9554112314977354,-8.219138398262833
-5.520716345440545,-7.030332907621175,-1.3334155829326746
-5.34900441731402,6.642458238899522,0.17163641382183026
3.3440649161266456,-5.816469912755692,-5.6087648215138195
-4.42125109962567,-9.590101977297977,6.300972823433901
-3.0884108685296856,-7.000647900855224,7.869353242113727
1.7995621147523289,2.6684066079856033,3.254636011080636
-4.283270654372605,9.161553886657808,1.8123304303803422
-8.153576062775915,2.553024377078711,-7.991869249095906
2.565307032188297,1.138783451605324,-6.113562804978888
-4.859286394334117,-7.792806840241461,7.897714859514258
-6.3579291612487925,-7.269642893969589,-10.215727448003586
1.376670164067626,3.965265755796259,2.182771787334622
3.845665183854286,-0.2109563119850254,-4.754858838973368
-7.492152543115402,5.3197140637423965,-9.916936453859876
-2.7453628517437645,8.313635354871375,-6.692738592408416
-3.1367345101325124,-9.409595226373167,8.728559974178781
-3.7348323102583167,-8.903021072484211,5.734874753912164
7.098151998562635,5.803923797838395,-6.028303053525196
1.5768038766858656,4.696933081239674,3.9458235689816252
-0.5961242497546559,3.9133062324437775,2.546836533785916
-0.2505522184901472,8.039347909995529,-7.05588084134417
-6.094174958076941,8.124090788644368,1.105976261758946
7.361970784857796,6.627102879299007,-6.320473745358769
-6.331003880982009,6.785639778317534,2.4865719085731026
-5.040586439599744,-7.609650831161526,-9.711323207619175
-5.683466425863807,6.90432997503346,0.30821491854021876
-5.263251893380486,7.09900333782071,1.8521243468049735
4.427789535727858,0.7540583829963502,-5.167856978598946
-1.7457457562741956,8.949864097613778,-7.616528696261154
-4.939121565244209,-7.2645939316804,-9.60977018163099
-5.2064172369561454,-8.650894269948767,-2.811769213466953
7.722195628957864,7.348371434060486,-6.469585141845337
-4.7078008634777335,-6.7836944995161765,-8.791556950704976
-5.158761355867641,-7.452773062419971,-1.7430418868480966
-4.8421701899275185,-6.8247016281814235,-8.786569755053481
-4.1808755234904105,9.221484369848492,-0.7370764052154639
8.486615617790738,6.0151291347244245,-5.435834933924058
-0.6313165653222876,4.031308151337043,5.770861083826551
9.147969824808204,5.732064625191383,-4.790774306392597
9.932098107848958,6.6151915014023235,-7.214182631352783
3.8835387500496443,0.25714416373687854,-5.746617836527612
9.069339184002123,4.837849111516247,-4.176777584331023
7.895299950359737,7.032086808605204,-5.794340255974898
5.4593421015950065,-5.720828407326553,-5.229585498814482
-6.832375117104985,-6.1824227208781535,-9.059636886827132
-8.006185049249643,5.712991630861882,-8.06157817758592
-2.563364015136931,-7.764658460592662,-7.339861811368271
-4.312595188274855,-6.099276053218375,-8.467992933318572
-3.067842356596323,6.896476193714371,-7.2892668556600215
-3.403780848017128,-7.456850370822526,6.406519697842105
-3.725218322306424,-7.063388401449374,-0.28486685852357274
7.383309411771205,7.150015625277107,-6.320327576657836
-5.105502964300124,7.853252030941693,2.293321901418537
3.812510316275985,-0.6378461292267495,-6.516381587396494
-1.2398905123860477,3.2363860238487923,3.1694483411496934
-0.819335270609203,4.954956461337292,3.457875717004696
-7.221170674159188,7.228377201523039,0.8221265583022322
-4.917569555386229,-7.89703779749024,6.766755153257571
-6.9909111571880596,2.128462147071197,-7.1301140619708505
-4.2377703657737875,-8.715064219432191,8.287540346667873
4.976176696502429,-4.080706333949364,-3.6024402714251837
-4.538688085925758,8.173783372530426,0.9368909005274741
3.721981156684576,-4.472698600671074,-4.666740061612379
-5.851100548605687,-6.367899283226324,-7.892481074849118
-5.150960675439753,-6.87024352194987,-3.070137867219443
-4.4654754614853776,9.384566995201375,2.3046733402978186
-3.788261048883439,-8.76075761561372,-2.9417357021285397
-7.968389935545787,3.821620754963921,-8.016273685193738
-0.9607243254215952,8.062643686468665,-7.754730352479008
2.974349745622366,-5.5731259538950715,-5.4130788451198795
-5.995215005178175,2.6567537517683606,-7.767382161215901
-2.820359565470179,-8.930006241590492,6.5792459101054215
-1.4214492381821606,5.404127492275334,3.705649897322499
1.5365267527188604,4.770129370313977,2.950416975090551
-0.3238608642974566,2.9711690882700017,4.3212873647412255
-0.24525351518126576,5.385459351118991,0.9606918601325578
7.773312997012001,6.047051871211407,-7.773904659520406
-1.4148513725593241,7.500016789295995,-5.3005954917887905
-1.6909520083126124,6.8875634563356325,-7.891175816553653
-1.5030511050576727,7.9711690596514835,-8.479079382651193
4.946581921747644,-5.692993448403634,-6.95213895677966
-0.5478548965193396,3.4856076329244763,2.034342846209411
9.213259350789382,7.616215447779222,-6.361600219821844
-0.5749298665745177,7.674594339571427,-6.2297189834270466
4.373530787507925,0.014186224853776103,-5.315509612994897
-1.47949355860594,6.07859240950392,1.9322184824990527
7.579029112143457,5.857219791585262,-4.8700838466254375
-1.9088437546982608,7.306919440842315,-6.049030666482229
10.04675471440201,5.857336771720944,-6.333405031644971
-3.09362667695985,-8.004404290430603,7.83097001801193
-1.31639849130354,4.209135301080061,5.554888905725842
3.151074193675456,-6.737872916646275,-6.194839902718036
2.481559035148877,-1.874319475435012,-4.05444047672941
-5.515948083933395,-7.815211755723585,-3.8438667280697025
-4.752685516436968,-8.332366168816161,-7.86371604431613
-5.622222395981486,-7.9597668083564015,-2.0292870763482824
-3.753756368120734,-6.088109184392392,-6.383209019890224
-1.8801820819404327,4.710202026765159,0.9626935082525563
-4.205630634235076,8.268162529763226,0.24457617692982891
2.881624656153791,-6.559580788740593,-5.377063546778886
-7.781415344333624,4.963598636245408,-8.26475479519839
-5.276651329821609,-6.638424356371585,-8.283313411523684
2.603399110140057,-5.556721908674876,-5.424627222513835
-5.24496433182853,-8.633206153128118,-9.427905812529707
-5.917844123100685,6.9592884762902045,1.597050803741654
-4.525328637831223,-6.979113708572004,-8.139420688650851
-6.447540285396563,8.241253285279043,2.6876061996797604
-4.947255145305291,-9.816642667352367,4.118890899905686
-1.4538713777412977,10.065923417636906,-5.806168251650617
-4.621882989006999,-8.08302322869269,-2.653114917974073
0.40455041570418215,7.827968594076971,-6.018040019043498
-5.949135699944387,-6.529198556684483,-2.503744755219073
-5.360182626849287,7.498750049448032,3.4308251621326225
-6.498992558028072,4.9143053354187165,-7.101049623535512
-5.354551820831917,-6.970233167611424,-9.42373247701663
-4.566315399381459,-9.177103059313048,6.790305048842776
4.65680802686324,-5.176216710579585,-5.554769905910798
-0.21011158331702912,5.00865179534419,2.9283129301431967
8.824194586772458,7.5811375826425556,-4.713641679578404
-1.707731014023873,7.785755550907774,-6.330146567249072
2.9354271592365824,-0.22093142431398816,-4.888429050127277
-7.243226608411952,-7.799373324061604,-2.3677623063194457
-4.880431862589181,-7.285161112166716,-10.203547350765819
-0.7653628342475677,6.287248174248762,-5.606789329078795
4.753004780665345,-7.142744882784104,-5.989141925519057
-4.7792654422842356,-7.299200946762289,10.213119753357173
-5.605222446767073,-8.49060299152671,-2.4179160383978107
-5.307224792931146,-7.640859770472947,-1.2166251241066597
-0.22504426186947651,3.9433569889464324,3.713535784478159
-7.2402742370347974,4.54070587125719,-8.167715581023446
-3.3990842660869194,-8.348815845684364,6.751502593170037
-3.8173290260831725,-9.648114497956282,7.768859283902538
2.9274985324690213,0.5831319401284976,-6.480963945036478
3.707097008157886,-6.933679929586414,-5.959497052702098
7.772914594657418,7.8704191172406315,-5.718118271676563
4.393374905731063,2.300940326659434,-4.138017746506991
-0.1157418490246479,4.1933386444527745,2.952290168912647
-7.3142720600689834,3.6455116630613857,-9.025326867978109
-3.9216199394009554,-8.942349037721602,-1.9219010979402271
-5.883984628908658,3.5332389778869002,-8.112489140942493
-6.172428489758515,6.347824552786262,-10.48172156587546
-6.9520082627390005,2.523209962825207,-9.686631616028913
3.411581584927702,-6.581742244791059,-5.157109814821596
-5.11085949230904,8.831589130466073,0.9494457106665348
-7.935889525893499,4.306182503501221,-7.754081310474852
-3.662680095434527,-8.561659543741483,-2.7043450773025244
3.270832825737809,1.797893118819887,-5.0661811557858005
3.3352268358661226,0.4938292478553977,-4.84724277740956
0.3389318884793068,4.0752581328550175,4.3476210972067735
-5.233803823704593,-9.396937180015524,-1.803645340014908
-0.36302408566082944,7.597823956513433,-6.954310488536546
3.3275380912929373,-5.185075789730907,-6.348249110240188
-9.690761402850239,3.537209556285893,-7.186668508739011
-4.030048073271976,6.728768070860873,2.2813116231519066
0.2401509775087992,4.528424492384943,3.515607841311641
-5.63578344625116,-6.872346998217757,-8.042992890059447
-4.054258015467001,7.703464604813209,0.5656731300178512
-5.882937166546618,-6.720290966020544,-2.77008786221667
-1.5744234959325611,6.203429029039578,2.671790072808481
2.1952771243219766,1.4969980634778712,-5.040108968570569
4.237338464144947,-5.690609114103189,-6.319007120457751
-5.144810447892488,-7.544191449549959,7.594092439712292
-4.297837850610079,-8.240913059465436,7.832196858673024
-0.3967631582113381,6.234445192201282,-5.634764686285038
-4.416033327246791,7.649615839582401,2.415522432246872
6.531549799144274,7.182149666291378,-8.081754210278614
-4.2596943677350705,-10.42531716451295,6.144113707830867
-1.4623300820031302,7.0304573818171745,-9.437008045262132
-7.23045505523515,2.2354485266948805,-10.160062317993473
-7.152554787198401,4.135096105296232,-9.658170588373258
9.015166076344668,5.351689281622749,-5.7979009679324935
-1.9117324768242412,6.585031475663715,-8.821152619729691
-6.3423268388475655,7.12206902384385,0.08472314242562673
-4.667598797807181,-8.317118123717767,-2.2899258869155426
-5.955904174753638,-8.377504782312865,-0.3735741264826753
-4.7713082999680525,-7.326408279557225,-9.62783835814118
-2.6861141673771307,-8.231014023423244,6.090783542621649
8.996770496264407,6.278824510153412,-6.523290698319354
3.1175578090662204,0.5103962331275523,-5.7564752579657785
4.230349876241833,1.5904873498381826,-4.768601831586357
-3.630268347900938,6.770214907080291,-0.5462461011265414
-1.707041265261268,5.080705494600659,3.3522056242577105
-4.120529999725687,-7.5417887068894505,-1.6808164108806074
-1.2566359143966073,8.017819665490567,-6.8962466026348865
2.7493645244797222,-0.6221863176591288,-3.993640667264292
-4.9640528933421875,-7.326797008097417,-10.107884973554405
4.11388068817598,-5.792885205247615,-6.290941598719739
3.291493368121292,0.5147627821655358,-5.888691713904061
-5.862825145620523,-7.864307293003843,6.192658231546335
-4.340682692353626,-6.868533694944164,-2.588933230151964
-4.460914885105145,-8.388769734838469,-9.337244688491381
-8.818277875635422,4.195712627428994,-8.721907762116837
-5.269095487743394,-8.408592139679083,-3.2565326578186724
-1.3392555338038357,7.37839309156811,-7.717273564825966
4.057160758520329,-6.6044670969997785,-7.143301440031506
-4.613330030928552,-6.162112278832935,-10.112230461422977
-4.134461616872111,-7.3594243575927845,-9.098187675997194
-0.5571427924637099,7.905685731803397,-7.214381047173187
1.9450878405332346,6.527827829724954,-7.8916323661017955
-1.243234470409139,3.8383187830952705,1.9830652437394307
4.386008139505778,-0.4223716203866055,-6.70993979041773
2.049731371588222,-4.304839696124249,-7.6539028811504775
4.6998485190733215,-6.143393303067023,-3.8883241012404444
2.2542313679797665,0.04371746821192565,-4.744340679094305
-3.9645088945206464,-7.379300678275636,-2.726660555769147
-4.781955913465561,-8.076668067655948,-1.139311466590614
-1.1226611875457897,8.209993055910832,-7.879295122072905
-1.1455387071951189,3.9382209271406103,3.8470966785417247
-3.1527842938224024,-8.742343628899238,-9.046075640042664
5.026856087366262,-6.171852478151219,-5.9847146235669655
3.739191268051589,-0.4385941260514593,-5.86938561155788
-3.1997511799722194,-6.421467079281961,-9.244806608573418
-1.6714424956758482,4.474461763296798,3.823605413867792
5.67725232535329,-5.349419835515388,-6.632530317172218
-3.105871473880036,7.66142494968286,-7.704411396770338
-4.833022975905109,4.866559088033604,-9.772533738160579
3.9348736252350083,-6.380845455407676,-3.9094987593600403
2.5796378783804665,0.1402126255562245,-6.66432917763719
-4.195614079595723,-9.232711415737487,6.607894516026033
-6.421993134693998,3.410900813778522,-9.968921232723062
3.385085912860659,-3.76992259768589,-6.2531012383679
-6.754819426914823,-7.585162485515314,-1.513569648119685
-8.54189309352347,3.521341424745282,-7.213581433113174
-4.907301048626612,5.0659022216071765,-9.388635316437803
-4.742248887121309,-6.042504150201433,-10.990684058372212
-5.144029792421907,7.746934771007106,1.8560320459788962
-7.410532138628142,5.259977603294448,-8.735332617544291
0.6214844210940935,3.3098194526674978,2.0880198406724295
5.464245043960333,-6.496716644622614,-2.280278517049579
-0.9968849587966222,5.303026871772803,2.5884493261903896
7.307545365513155,5.182872460118727,-4.400944137303794
9.35069746983753,7.111940786209303,-7.924962797456573
-4.928046718768702,6.41265233210254,1.5396422927924598
-5.083953407270374,-7.73269643400861,7.330414536681799
-2.0391894077614805,7.856869237462742,-6.960294070023978
-6.8819557740431065,-7.567372766381999,-4.18737829356674
-3.8218342865407413,-7.1271458377282935,-10.376479743720278
-6.754328067711089,-6.312263035841406,-9.76214958290588
-5.6897367189868655,-7.890742134748876,-0.12716975736250546
-5.198384174264599,8.498861814003996,2.1554442897541013
-2.030754952885617,-7.855579683079903,-2.543065642360421
1.1026008552627429,-1.4466415326627924,-6.173208784546609
-7.01123891562042,-8.205948267159235,-8.846289144975497
-5.53504269252071,-8.60399940109857,6.593029868675192
-2.4154961669344575,8.24884472413934,-6.955147236343065
-5.30910544706564,-6.9714095508220915,-8.516259838958991
-5.336121686419716,-5.430501025936579,-1.3005591973693464
-0.9849360093876567,9.374152864455214,-7.015179865477608
2.9803379011623536,1.1590230934586438,-6.233692867807738
-6.235774504414876,3.99717799940369,-8.107713584995237
-4.314865454864026,7.908079041245293,2.813249394826158
-3.6834371390274274,-8.694388344450855,-9.397011483576964
8.106121633413949,3.896116155826544,-5.853006909207082
-2.0818888097043238,6.426996304032155,-6.8349147459917905
-6.066546404008313,-6.65119578669243,-1.4960373289784537
-1.115760197876263,4.810768106924924,2.222985880257273
3.5843670336490896,0.7987042259210779,-6.0640160340679445
4.930637171477821,-7.210877569942855,-5.153493514038679
-0.5559673386338999,6.019504631280264,4.79931070478867
-4.929397324388947,7.505852022337331,1.2389622825312032
-5.400922611365916,8.39171359295591,1.2789088242871505
-4.705321313046875,-9.485287491139195,7.441442447685134
-4.800036853842173,-5.443804622165803,-8.774467959083793
-5.724668828874634,-6.8744779064294255,-8.78102905709598
-3.619897620621979,-6.959124032960334,7.44021169062872
-3.668657170790615,-9.440023105541338,-8.395368246649708
-2.55784307261661,-7.6701473223199,8.29680460414264
-6.409552600838934,7.589153921613874,2.154877797781375
2.918492165272317,0.34562690242534877,-6.151704809893807
-5.284841438815802,8.62604558472671,-0.06368094904642674
2.491277772360168,0.05614504771129461,-3.7040214532566664
3.3288653825124075,0.3589079204933754,-7.268706877799263
-4.579276598903724,-7.6039178621265355,-9.448892890165384
-5.756649414621664,7.996527746395819,4.3059306730597395
-7.206751669838042,-6.611223098960447,-9.087726181165602
-3.831645035280415,-8.177262708211243,-10.677159097387685
-4.337250133527447,-9.740357507716148,7.202380392595563
-2.3320890856794056,9.056450449775978,-6.474583441526006
9.742379973008495,5.123073024534492,-7.421498578745311
9.417230335795281,6.603911152297836,-7.655167533101476
-1.0899342717609994,4.959514637973321,2.5187917413824263
4.392610581341289,-5.751666762778179,-5.731310608967198
-5.340020893496324,-6.895532285435536,-9.95027108649003
-7.62353774496631,4.067028061537917,-9.069055351872292
9.863974369097248,4.797095519741682,-5.475592532342214
-5.497118218308807,-6.732979183664113,-8.720978672419848
9.105530112386623,5.9262805611375144,-5.3960387162333685
-4.05927233885155,-7.903399608337108,-2.5705638418743995
-5.690734965796164,-7.144235561113622,-4.4464904465305235
-2.6387457829333183,-7.093099522192705,-2.7537568417506226
-5.356366572961933,8.232416583852295,0.921892916877346
-3.6265074338331993,-9.734863755583635,8.421181729983955
-3.283047489201963,-7.4983223473391005,7.005281502632448
-3.0644297228382538,-8.699329587748855,8.23051127019947
-6.709535844910241,3.9307120426874995,-8.457078723329007
-4.950265222371085,-10.331278013477474,6.75478197910028
2.2652037223325396,0.5016682310587532,-4.5231779021114145
-0.45811058456777126,4.775381346763122,2.6886812120313985
9.580498488548228,5.647847623133479,-5.520593106354578
9.981745981062561,5.211515551437602,-5.19539830299057
3.4354865630661,-0.10573779295487845,-6.022438581782786
-4.927398403102313,-9.95395021752648,9.393232572968513
2.6802265414643034,0.2878748214601863,-5.59799493854903
0.30354733298783887,4.487901508901438,3.451080252204176
-3.3566645875808376,-7.33362159030906,-10.938794357633167
-5.64069396266025,-8.485602785375105,-7.546842433769222
-0.8240712553478053,4.326420029331882,3.904147800802199
-3.3812742213416875,-7.572641438566172,7.348396338375527
9.24551406768578,5.832906828637546,-5.894542892305307
-0.7733344953304018,8.297873040150932,-6.42342188493715
-5.438007093981457,-6.244078695553597,-0.2437137216408365
3.99898096982107,-4.304441489310266,-4.542978168828778
-4.977378051405409,-7.0287396356503455,-8.1410208381361
-1.1670893127320507,4.503031186682488,3.202088014380641
-4.787596821530761,-7.1730846218737705,-11.215130720846524
-0.34611854887043414,4.95726375903393,3.1293818794072035
8.275100564188513,6.374722875988236,-5.126969913814758
-3.434348604613426,-8.716270200685695,7.667758196565975
-1.0941410524668946,4.436866087872189,4.7533946637869136
-5.836688753868809,3.743157800764062,-7.3135657855545
4.611284388852997,1.4795795874189634,-6.177544466158148
-4.555633440815733,-6.398058218209551,7.068187533813423
-6.598079797190446,7.526798186019773,2.072742951095785
-8.351491606205055,4.820154152423585,-9.335759181519592
3.2948215158542116,-5.588579548954666,-4.691656067795339
7.613778665287616,6.350175601557133,-5.935893503983842
-7.090693199550163,2.573235532744566,-10.137529833567523
3.3575043081317224,1.2682530120776478,-5.8147221117448495
-4.784547655082177,7.860321461176201,2.299140989919912
2.477072207843012,0.38573782729079453,-5.996984282398804
-6.1837712189917795,-10.812226411801182,7.580223296574706
-0.022677033759397447,5.414769004673187,2.53819308230833
-0.8739001746840116,7.644814017376754,-8.175022703411937
0.03989737074451205,6.006354012288769,4.000043224512546
-4.525619370669293,-5.3038785935976485,-7.975964051431497
-4.268051157599508,-6.841318953221639,-9.45956718667966
-5.763054749657658,-9.829241346784393,-1.7072806983907571
-4.6630542416387915,-5.377513604183974,-7.263214322808999
9.122628697118088,5.046979356186377,-4.172287503242451
1.904779003786487,1.8662180731503846,-5.350669067514663
2.822432063362059,-8.15495342309629,-6.364535788030144
-3.4090456116683105,-8.98785326897768,7.3201855746059294
-7.92962051257588,5.698709090225046,-6.728433626270901
-0.15392657937946352,4.9969003618876835,4.407646299476395
2.4739857161970664,-0.9448230874201504,-5.672157556907399
-5.902962851597962,4.8608402296517035,-6.7756728079399
6.058091095184016,-7.349205726277514,-6.9046934632306955
-1.155093699649623,6.931090000371116,-7.9464406854365475
8.149134082532996,7.042883639312569,-6.842327055957377
-4.81855008014812,-6.228349361170472,-8.74241103932761
9.334589850143598,5.489286353509755,-5.586271761399407
-6.32431574517629,3.704476146412441,-8.95738934944875
-4.003842794503522,-9.19312708379056,9.033754998559024
1.0972437421158052,6.202405933773507,2.7689233233429427
-2.4809097985989275,8.702128538367072,-6.7428268302601655
-0.9132580608870169,3.7280167606904344,3.628078764487768
2.9510979089043423,-5.38435827289786,-2.4801555717786603
-5.106353429290823,-7.236590462192671,-8.722587185717401
-7.818479903167397,2.21716271050156,-6.651472858881451
-3.1694664309089737,-9.013620409584004,-2.1203391633985698
-4.811269164269453,-8.482076625971747,-2.507752426359369
-4.537039010063066,-7.269246347539025,-9.749013962558493
-4.327019288133972,-7.947518896879901,-0.10412173973588823
1.9653823804502826,-0.43921678796109465,-6.7320593406642475
-4.441449381179678,-7.55900365411795,6.458228762446317
-4.370220319132921,-7.4940756953439,-4.847827970351979
-6.891136947514462,2.3029371761128576,-7.6280956653725225
-6.266275380639907,2.9214137726977345,-9.539996358521453
-5.344380118675498,-7.434149982584678,-9.763368348334593
-5.320673900554791,-5.392593966238023,-9.369203629380204
10.09401669880198,7.68298355684367,-6.2438469082096475
-5.207964453397072,-8.693956294925313,7.062122491158382
-5.582680882763315,-6.1487867675942045,-9.88263997486555
-7.319122636334898,4.2988471779373985,-8.066390998947032
-4.247555362671746,-6.900511099277418,-7.779799001082225
2.3730387849637,-6.4300143264753,-6.890370924420178
-4.24376190515776,-9.112569369077471,8.430668819487686
0.15279429268641465,4.159719164147075,2.592328346113114
-5.474197917907758,6.758826690684334,1.811832613981204
-1.2577969752821156,6.631266320288958,-8.82235062529704
-7.826588082212453,4.478222127769007,-7.995292541712542
-5.1544202791862,8.294396899369362,2.748520984498998
3.8698064184450147,0.6865057764862341,-6.010171317461338
-3.247011901361799,-8.215362984030513,7.849763587596973
-7.983685672349006,3.26672145427521,-7.983222314092041
-6.024353453966855,7.353083131868095,0.3772216893981406
6.828683281703206,5.436000422694819,-4.457682427538557
-6.983153160278289,6.726979504623319,1.9699203303458506
-6.177978400566525,-8.22456465295193,-7.58322854563575
-5.440516699106693,-8.07644907712279,-1.339664484796863
-6.844404630283453,-7.679068031647102,-8.240953464702208
-5.458043954821158,-7.672409984503945,-2.4792174146274424
-4.097281076744279,8.776915849137135,2.6138297568146323
-4.073119948111079,-10.274605594957926,7.498452745480603
-6.1509900123775685,-6.983214989329859,-1.8342713749608035
-7.416256717187084,4.41102954007693,-8.266856264798122
-0.8385401357076516,5.874359795628986,3.7752030773389227
-3.8632414023920507,-8.95952969873714,7.748951441025807
8.350173700519614,6.801275982902469,-6.552608540459726
10.854640239686942,4.988178816816509,-4.812757339876354
-7.255184771412175,4.531595870677438,-7.817143876337734
-4.492927697921216,5.921312097119232,1.1124486835980958
-4.770914476518912,-8.041283918721344,-8.428124639302473
4.023453363882307,1.2615369077771084,-4.940241071049183
9.184530979453442,7.26966964861224,-6.477367608472019
3.8316183174633265,-5.008844007955497,-5.867094867792618
-7.805257954049149,4.208217181140643,-8.625795472050193
-5.507088458242089,-8.391139463003892,-2.1772287872194007
2.5782807528587135,-0.043617486160322294,-4.820988398914562
2.536032032043109,0.09028510642189502,-5.993444694355698
-4.420132358126173,-6.660820390264292,-8.091114964039257
-3.025550925712682,-7.929418062744664,-1.5728532224263083
-4.638182892758116,8.654839334176309,0.2640481931729248
-8.911326194939308,4.433745620559248,-9.079190384793435
8.065784359218164,6.524383831425439,-5.842926404707296
-3.3048027362922365,7.237594249873724,1.709291746820614
-6.543529314134594,3.941610331360858,-7.969173329990754
-7.638559243292745,3.2561079230921157,-8.069556019219227
-3.9133127633903504,-9.504612902102398,8.106382973556297
6.896520404226546,6.238769627356335,-5.778749175698234
-3.2107819805278295,-7.718764216383581,7.531569754550798
-5.0810578861516,-8.77036846187868,-7.051024384093932
8.989670648671138,6.867571477174343,-8.863501623455434
-0.8885068396880615,6.811483983115037,-7.26188244744609
-5.407964485181522,-6.259884642753117,-8.595594457726637
-2.9245338784328747,6.512393668861474,-8.94938329121058
10.219211075709412,7.7786990728184495,-6.033178351265549
4.204130982652287,0.7645541217214269,-6.025189357332683
3.3019752782945497,-4.547643796002027,-6.096128792858235
-6.247268010366842,7.311321456181724,1.022765223196535
-4.799529698115587,-9.333057954104119,8.669692789196041
-3.142166522044697,-7.774048605136809,7.174774928174806
-1.1218111837972897,8.687562132627642,-6.010113364041647
-5.723030592321768,9.02503365320904,1.626767811612999
0.4040495274761171,5.452301369450548,2.731216446516651
-4.788652865018372,-7.011974452993341,7.67896574921325
3.6711614958661976,-0.34712896408208294,-6.518636104651584
2.8680412897031293,0.5253003095082979,-6.574539623667751
-1.8844414887813195,4.901573038610248,3.6132596489490547
4.2742209416907695,0.2790050126926972,-4.935597216469156
-1.0855518627958807,4.868518148834568,2.2854308449805307
5.445998217654475,-6.048265331815806,-7.378325089201429
-0.6752578729667154,6.988310316704822,-6.876459680355411
-7.184892596800615,-6.9133987824453795,-9.56211680986698
-4.6751040051467045,-7.324621150625151,-3.407517308472611
-1.9691336551391156,9.851048890337095,-7.4776732405779
-8.305457126950623,4.4388823063802585,-8.590419683094886
-5.1644088277038795,8.18259451908721,0.5614468115588809
-5.300663526522843,-7.055480089906501,-2.172982202340907
0.5046924197937939,1.9061150577073156,1.0608363758027104
8.566643531068308,6.8130363251953545,-6.092754364772778
8.69249657373249,6.213281926483479,-5.8779482566733465
1.5020384957459132,-0.5506973648797692,-5.380941082321047
9.739672746484768,5.327468983222595,-5.7991794999068835
4.214061588808745,-6.620065837670138,-4.966990212202376
-0.15082739157619252,3.1643532150817,3.0331127282506682
2.0757509002312466,-0.10641546642534855,-5.123644727822186
-2.8007041233360868,-9.1458799866572,6.765108677288595
-4.466586107400548,8.724891172259504,-0.05034356555524644
-6.447754827000415,7.598976755396417,1.100642665939506
-7.447535416797119,4.411423797190278,-7.112463802077255
-2.0709811564349545,4.578215117026393,3.62970062906356
1.1123593689916815,-0.5553821348912804,-4.484562757268951
-3.788186307142298,6.0945751953416245,1.8294803299934292
-4.039027032413772,-7.056651439976517,-2.4025112468160006
-4.606731454011223,-9.384778225639826,7.506625292250823
-3.747237520317209,-8.968437503581338,-2.0053586657891693
8.125175858447736,5.384027378642407,-6.197876466753899
-6.858884808585018,3.1277020616489426,-8.84403444765952
-1.3275598079496327,7.659631047240524,-7.250836559320122
3.9135254443044296,1.333292736198222,-5.864819300358024
-3.3591118928270007,-4.734032441748431,-3.197636935140057
2.920103773125348,0.5554262815791772,-4.674395344373762
8.634811933791712,6.816706946954005,-7.014763449082723
-0.8578986609050147,4.256200877814031,2.072890813921915
-7.2186967368078205,4.926001625603425,-7.8306312120101875
-3.925485888468735,-6.45912687393812,-1.6353107027948197
-3.41875661493017,-9.007491551632306,7.6201878564324135
-1.4793295610751342,4.195138398748679,4.660117777129303
-1.5126735787153947,-7.185733612052146,-7.9728136034800965
-6.507970193222833,2.501198621184678,-8.952791971966493
-0.41256601262146075,2.710615017297493,1.4610420877790937
5.316690010413967,-7.627298279659171,-5.3507323072475295
1.0719923589803582,1.4014248280705486,-5.174393461216682
1.6795864623705736,1.8040031757149593,-5.36293933385134
4.699769585205703,-4.745184556596401,-5.828404244163147
-5.138104366316087,-8.111146388825764,8.630779633005139
4.930848383188805,-6.866682241262139,-5.620338938875392
-4.107160461445189,-8.871336446291458,8.033236827650658
-2.1010389952337754,-8.401560377301035,-2.1639355367864495
-5.104010555268006,6.977987180479254,2.4954890428690555
4.579619642129709,0.2823250719836418,-6.763816495089283
2.510705639994673,-8.131403845594996,-5.937131038146379
-4.803545736500132,-10.0696839162974,6.669267361720499
-4.583261849297471,-7.262044035014433,-7.857885109181409
-8.31568619671038,4.259115782919324,-8.579411014528935
-5.140687116646163,-5.943996852855509,-7.262804528136291
-0.4433660085688209,3.148368937116663,1.8574799631312071
3.917564719153278,-0.671973870564493,-6.355857876828598
9.823159786307915,5.444813240109053,-4.532198499197028
-5.463391691261661,-7.5564193472099,7.2063703840466395
-1.8873048086004527,8.62944176375315,-6.687659662266759
-2.4682246673466555,4.563491248814084,5.860908078476122
-7.515896304949136,3.883946036915933,-8.897701310119485
-0.7562633946762751,7.118030933870151,-7.903217032425941
3.2307358906243246,1.3204898866153663,-6.495163440863429
-4.505977897843341,-8.142633884954325,-9.525527689843864
3.7259097918805395,-0.06279052523653361,-6.419712943290269
3.478932395863716,-0.804053755680916,-5.651902516590966
-8.3603939528397,2.2775727969166533,-5.9026681949886175
-5.06687530759765,4.822614574437208,-8.671040704186147
-3.886170999272424,-10.309955311832873,6.240904651009802
-3.9438402609770167,-7.799546234686979,-1.2441577422643468
8.46540952995134,5.083451808713944,-5.116424103149033
-6.31790520228095,3.997013330216308,-8.956637937036028
-5.83255265447995,-5.789433356353443,-7.893941955001821
3.5638908216134615,1.0510329799955724,-6.76527890336055
-5.490717863013227,5.804723654430179,-8.906403313422377
-3.240270000989881,-7.865127644752271,7.827651448690261
9.001458670478748,5.250957214037778,-3.6761518831221016
7.983299344893234,5.987282530330398,-6.59118361659137
-3.603034999929972,-8.488601395454456,-3.214620998274626
-6.207253400619209,-6.536617435051321,-8.498789943633167
3.0014811744697028,1.7913248220794633,-4.899524789773059
8.73208856855564,6.959982069658907,-5.008425996177906
-0.9363793822775682,5.360041635038762,4.525031891815828
-4.452390204800475,6.500360701499019,0.8476005937064487
-0.7523428680754758,4.7013524524512915,1.6851500504756554
-4.688812225810205,-9.880143034491091,-2.322724530972678
-1.5896834996851334,7.054790518293216,-6.712601998532829
2.8104256544150927,-6.146001373624496,-7.177275921240552
0.12389809299324528,3.7881407918653087,2.671458190672238
8.82154921990136,4.717428480857507,-6.303189180416634
-0.4149899116722428,4.615906346595511,2.10643355277005
-3.8792921997717267,-7.396622277467512,-0.7372189258110833
2.2647492261077016,0.6362194269746708,-4.632372580111615
-4.861210421590225,8.75716459875817,0.9697829635705832
-5.54995424288093,-8.201197992019697,-9.140163378047063
-7.215269629142415,-8.44674212853075,-2.5388517693872306
-3.567552443593978,-8.971513540576069,-10.527396922319461
5.33554409496606,-6.933095480692458,-4.213323670156997
-0.37517495509568943,4.824857151582464,3.619840661560847
-6.8138252950888605,-7.739502231537246,-9.19550884722254
-3.9071859718983766,-7.5996657486103105,-2.546640384543889
3.8025521376624827,0.3321383029270766,-5.571583455727138
-1.4537035349332261,7.305783966256303,-6.75175826949106
-4.803631814057054,-7.980772164545821,-1.6918727658434713
0.7056839969412898,4.701954297652828,2.536143787263411
-6.689825562314308,7.102136653202922,1.1889667802014763
-2.5870317371803844,-6.789813535015745,6.12602636329608
-0.9118957249490143,9.352827649954571,-8.451962530925584
-4.9946306379585685,-8.3229119474545,-1.9323801836769805
4.610222596757906,-5.8915353806335515,-5.520800701551047
-5.390282154853178,-7.5927080816856805,-8.117676053039869
8.605674605867556,4.66174983430329,-6.720130609462018
-4.958509655776156,-7.603566446876939,-3.102916118215978
-2.346742865656031,2.681126602503581,3.393660528330213
3.4668654144137596,-6.306838939238562,-5.826361889123395
-0.26465453581568393,5.169305986052835,5.749626301761422
-0.5040428397656627,9.245930269763736,-6.352880934182011
9.814392158432074,4.897731280660656,-3.1548785507259676
-4.9166926779226845,-7.287078566230081,-10.82538330667827
0.7537970089966934,4.102397260369587,2.6596315253358047
-7.797620853253414,3.899870227905909,-8.85879207317089
-1.73784704441193,7.678804358865481,-6.441904018149994
-1.2654408001049806,7.6304553181956205,-6.714027083399743
3.964692691242969,-6.146893851120974,-4.762820364013087
2.929366987925677,0.5917305862056466,-5.715111201595076
-5.7460998707383215,-6.8996709418715,6.134217254349461
7.792315244457955,6.363004702276082,-6.754752168845871
5.517558686548324,-7.056080578771999,-3.9748203902032717
2.1744618626760612,-7.338069350789347,-7.078727667177512
-5.3401987228349155,8.110622703151886,0.5228814525589753
9.339785122174378,7.397742158780788,-6.045399250155822
-2.2342130323598086,7.388552435257093,-4.887916851621428
-0.8409426119330309,6.851632293471158,-7.353472668758571
-3.671697877848758,-9.620086941231373,7.991854263407625
-6.820273487189127,4.078104578366797,-7.545755117195328
-5.947548641649941,6.915342285334558,0.8958401364136303
-1.7940659661250193,6.699635237035004,-6.043197925440135
-3.768128627626757,-8.55950590435601,9.374196602360962
3.6150016431707264,-7.055781256106246,-5.384230502802989
3.7570083642280543,-0.4399847415621492,-6.470148437942962
-2.2902431865593442,4.000228809897348,3.7976432254149186
-4.025822261886036,-7.015650917750401,6.48396138192366
2.3578662211429573,-6.388783277566474,-5.098584002778711
-4.54624298642085,-7.756587002138095,-2.282983240497182
7.667635260750659,6.052194735140226,-6.013220629731503
-5.560668458870256,5.437886577296899,2.2469622824445166
9.38284314731017,6.519651895690626,-5.842488239119505
-6.331517883705786,4.6042511834299535,-7.602520423333097
3.1709059036392278,0.866002729274051,-6.159482080041391
6.048872758635232,-4.666976751347655,-3.4023541011097103
5.413797606061802,-5.788933672844406,-4.869656380202266
-5.33658930316259,-6.379773181924753,-2.6768934343062996
2.642541935636693,-6.088115299152953,-4.74802283158095
-5.513098667170461,-7.731545167075401,7.527870619842538
2.1979939540010816,-0.3080446024508322,-5.715911145456336
-5.608054980715643,-8.181709611552883,-8.851006874691379
-2.1194738184111777,8.258571919510844,-6.211545736483301
-4.840979895522091,2.832632991067653,-8.539654351253763
2.47032692490596,1.1835044710189662,-4.85642608263371
-4.321417160547388,7.408749786934488,1.5610368163104913
-3.6134600589630663,-6.5943452733129,-7.492982517714444
-2.3800261545349373,7.899406880810768,0.5563084491043124
-3.709753032409655,-8.957110853952305,5.431172530906112
-6.914920405207135,4.532423207156351,-7.62959511548358
3.217078019950764,-5.355377629906007,-5.144575584598536
-4.197682654906441,-7.852251059534867,8.03035683111961
-2.4601511851064837,6.748052892814535,-6.120603479162892
-0.5494544374458122,5.964829485212427,-4.6668082739507035
2.9073218517797317,-0.4143668738793498,-5.393031940279306
4.06855835148945,-5.327744459038297,-4.079802079030922
-3.4538630682207647,8.181043649127417,3.371920910986136
-4.897457477695124,-7.972601183702512,-1.2035282475635714
-4.84099958890881,-7.176023181137058,-7.6796631331597665
-8.104401274490801,3.5453326173678525,-7.377530823220763
-3.602273906397437,-9.170094924360333,7.900787598551492
4.766134242338243,-5.73854671959732,-5.027962381525971
-4.322063301158063,7.720449621038902,2.171957412378435
4.097677779203108,-8.073391489938084,-6.289948322093737
4.235258869719516,-5.259965364555282,-3.852663268013698
4.272225294718371,-4.354661312532276,-5.340863841395662
4.719854896625794,-6.289266772562786,-5.809995157304372
0.018244774270392727,5.167606038487744,3.0404631578568537
-3.742344704875237,-8.042629496653893,-2.412744863797072
5.395969748502647,-5.225180428422467,-5.169291130522283
-4.261917862620322,-8.050081421412527,-3.129536997028706
-0.46442497597493604,5.760926300621457,-5.706039497347462
9.035441606008039,4.863911568472068,-5.839344984973948
-2.983663141107491,6.900469353781631,-7.720392365019855
9.175309097173047,4.7600156850182405,-6.432570082572936
-8.306849153726175,4.329701396015481,-9.58783871813009
-6.461254346830903,-7.053896204505449,-1.9311469793402716
-3.253871687311639,-9.167676516925322,7.011807804340695
1.3404483843177584,5.003950859409843,3.613652541346057
-0.040977515881458704,9.162000916204903,-6.106504988890296
-3.0232502565972954,-7.2594210448771825,-0.7268715163056494
-6.240545361853818,-6.953634825816378,-8.91138192853815
-7.820208142465828,4.70263919864654,-7.8553153443809185
2.7434341387842367,-7.166341009941989,-6.788736676146971
11.035206405063361,5.650487506068218,-6.5171537131296065
-1.9126495031688522,4.3213442600747,3.1478089664930278
-6.874789060029941,4.59905565388111,-8.091935999110223
3.066751813756563,0.6176412056269416,-4.620890462602666
-3.322526647598431,-8.911149224349904,8.535544259268795
3.3939715777049497,-6.354260769586923,-4.206303127198001
-4.585426447646845,-9.002385916561284,-7.988207952973738
-0.6803871453645876,3.6015934092787996,4.53950519928652
3.668864033962543,-6.402464174368939,-6.600590256077596
4.136981091965912,-0.6966053163533881,-6.239289034948022
8.744174273021695,8.264104036939324,-6.3133602201349275
-4.273757641540755,-8.912501501783257,-1.7056229145944755
-4.037110826231152,-6.960679214862054,5.989941036733958
-4.078090901380586,7.590908925995242,3.3989003715832524
-8.138334236768227,5.019962922986892,-7.1275138093013455
-0.23307547342498114,9.117864448540265,-6.145745366073735
-1.9182451453997502,8.597630177369647,-7.895310773539176
-6.021229661975625,3.746061084332615,-9.909448562847714
-7.633745506927379,3.553941189503464,-8.099532753294625
-3.437870770190624,-6.078657515007895,-8.782530734529228
-3.944547714623199,7.272580588933989,1.0913695296780943
-0.42243717544949366,4.926788883463983,5.534864587290671
-9.838128249861983,4.283459979017457,-5.694580687224411
-3.512395077653844,-8.82757670277114,8.334910633927782
1.8489203927108924,4.876649748290541,2.72747928680727
-7.852504193266899,1.9590653966701663,-9.01605101207327
-2.3202516181954413,8.694008020554127,-5.873780607303828
-5.094915742896368,-8.97207032052835,-9.703643905169624
-2.0229330844036304,-6.775459528443264,-4.779883328367905
-1.5754513136850878,7.542697153719256,-6.869113431907884
-4.62354387197912,-7.55005572537167,-1.5275678824975367
-7.152313777048902,2.8103432577259984,-8.387616979248037
-0.4623083097101095,6.530160355448308,-7.758067846826974
4.530879400205838,1.1593410164833058,-5.081246964416761
-3.2010516206041633,4.309164838268356,3.5116150180961316
-4.1396136286496485,-8.797186386867136,-8.660077203469916
-1.6122810748715404,7.518086632113755,-6.130473435421034
3.827101967855226,-5.73399372241551,-5.2146657793356646
-2.9833087975978527,-9.180719485038685,-3.3986180713836758
5.764056007448428,-5.40949713434714,-7.013769403687805
-3.6748436378866702,-8.005779330248266,7.087243835394884
-3.677809852433777,-6.320559849564161,-3.3104569498275236
-4.746213708672421,-10.476943027476652,7.808372155373062
0.1909997967510585,2.8000186996583656,4.390472559869767
-6.834746752909324,4.126380155196101,-6.753483802619705
4.8360233806054165,-5.567076925598436,-5.047441933788515
3.1346981509706944,1.4793640628902658,-5.158468740172962
-1.2372165139821307,7.896091801191658,-5.630611637031179
-0.7916252780934585,4.284291324295096,3.0608104371165465
3.403216880630401,1.0732876397456699,-5.15152640539588
-4.301989787524359,7.746094531871179,2.4682905924709804
-4.4328604377061955,-8.642388413665431,6.178321801413871
-4.6261416907163735,6.704639872966297,4.09412525933303
8.397670736358064,6.843877128806303,-7.850857073806554
3.2278482936423787,-0.8440372696941034,-5.629978187961071
-4.199605936231102,-7.593447248186082,7.977799529516861
0.45518566844610064,4.137716638691729,2.7259564166086205
8.317663942145607,5.966607765120269,-6.856746707597305
-5.259564608528314,8.252015689044576,2.0900654798281244
-5.521991645881291,-8.64366633260831,7.630926721373604
-1.607866359920541,3.9904735718798965,3.19112908051463
-4.320103638456569,-9.523116470337126,7.373413869290558
-4.17179342485149,7.183423081310052,0.791565799853797
-4.146274232700252,5.887083740611359,2.544855003229447
-0.7782197296144934,9.322876659559876,-7.354272940076409
-5.301544000746889,7.238872531205976,0.1571671083534738
-4.461571083558907,-7.882416271589575,7.4045384782695605
8.488164711840964,6.077109954814974,-5.967612568897794
-3.3561265071385398,-7.319678266831605,-2.2059476307185224
-0.5504588779884195,5.769104476292583,2.9041271295557607
-2.3482950284226813,6.503782708126495,1.4618148841844918
-3.9058072839310847,-6.879880068142312,6.959338515132924
-7.256268267653438,4.276504406858937,-7.870458994720112
4.508617495692802,-7.202390662332004,-4.627422020937406
4.170571241733347,1.1777228947406015,-6.230435721637581
5.361915575638758,-5.934103191094845,-4.271807403850281
9.179787625857282,6.751377640047368,-6.0676334489342105
-1.0478053712750588,7.365400400264539,-6.894845109342636
-4.197997553869265,-8.354065460671492,-2.651744975812392
3.3927962509451683,1.678272096479705,-7.4091292032740315
-4.461675215792997,7.2010133143453094,0.4838459051577235
10.630272125158097,4.940193290879543,-5.925746360896354
-5.89664827577619,3.420097735314911,-8.496332985538858
-6.620888033647628,7.482148220792994,1.929811261087726
-6.508107712692257,8.607641711526542,0.6467744636119099
-6.2037084706732255,4.525717448583752,-9.178160795068111
-8.374788142706945,4.2312223235388835,-8.092841693309218
-8.089997600164194,4.615831635283603,-7.671833010349138
3.96436238445061,-0.029421121548567186,-4.878770681077754
4.042387071700053,-5.087925953504189,-5.354078409637718
-6.561512972365776,5.460568044483006,-6.397431481900551
-5.1743115335338,-8.348815599106633,5.584187439250073
4.04458423918543,-6.304158622063643,-6.40622438579681
4.207643078885271,-8.054964558130674,-5.20656811186562
0.4720140885812274,6.196641014462339,2.7103913962159263
1.1242699563677157,3.997939203758063,4.685875300882067
-4.889750424885302,8.150331433804938,0.9165272514070759
-3.8607258823024075,-7.798485011806803,-1.7712277411236603
8.146961769249485,5.401490419477225,-4.976184734607163
3.2280704219049303,-7.1932662600589055,-4.486705950945718
-7.75583648999516,4.54494868618262,-8.418447718109094
-7.582756635172569,5.010673201290017,-8.837163081490838
4.602260545129186,-5.280698115125893,-4.5885868945101365
8.33317133137511,6.469917272743129,-4.88552002950388
-2.2874932797362653,8.465508587437698,-6.4373144604644965
10.035513171001277,7.185443887347466,-7.93920978106044
10.28959575768685,5.633688808494477,-7.286819966862605
3.5678140060188874,0.16843959062136724,-6.242004377499543
-4.880778954454472,-6.802651565390813,-8.87095605125018
-0.267019541568867,7.28434536195116,-6.617372899869839
-4.210281163193645,-7.668955415443145,-8.539634578262492
-1.5574291640303757,7.5810578106267466,-6.671318550108293
-4.46367302754832,7.688411929797154,1.6681915859038297
-5.687699375848158,-6.822765196570144,-9.831740095133066
-6.186770458370958,-8.3392653796498,-1.597819290528769
-2.6108822692234765,-8.599423239563908,8.83212514665245
-4.144646319153156,-6.6367772173979205,5.35573429697893
2.721366128743811,-1.4883095874156729,-5.093995577632262
9.6655671980788,6.090585074421392,-4.693174354285424
-5.49843889646656,7.473660880784998,2.2964373632393356
-5.801865416054053,3.2490546166197922,-8.688813557375314
-5.431830921745036,7.1573804987153435,1.8991362198494546
3.9627989677935602,-5.392724400911228,-4.484837572026095
-1.1637575971118526,7.49822333737977,-7.448854222738113
9.421309396940508,5.272803092870025,-6.203740380864933
9.420485521328702,7.726000072633997,-4.397846624877921
8.390155162061975,5.612064592573557,-6.745717034576101
2.5222810924780683,-0.9461260195841157,-4.610271059885119
-1.0535770866150467,4.129885869421367,2.9779349563388613
-5.527617967416153,6.370877009604037,0.4249939515053016
-3.135072705683446,8.996358294497067,-6.548128551099003
-6.249157116401684,2.918751376725099,-9.250258849296271
-2.1208721196609894,7.273151106990317,-9.608590189602701
2.3572404546043577,0.7188922471253724,-5.522198932580316
-3.5407228779444067,-6.492010607937947,-9.12033665784138
-7.304551900620819,3.816804821365756,-6.989524217284631
-5.107464259074308,-8.489414208432615,0.5797947578677882
-0.5625911043621105,8.234870636848672,-7.833519873514442
-5.254284246918385,-7.322597437725825,-9.130030583030264
-2.0412190969656816,8.29656132457452,-6.465847666070772
-4.661934315337951,-6.737715561511175,-1.438743893041011
-7.457041537288591,3.8571889740960486,-7.924624445413538
0.0038008067037677007,5.293514717158883,3.4357775389131517
4.120490912594912,1.1586175713547566,-5.643246795989133
-0.5776694219020774,5.79504197073161,2.564717741692751
9.310976510794914,5.571093798442561,-6.074302259326829
-1.617059476174341,7.253573847770835,-7.16473745525105
1.6678193190251083,0.6371015509087024,-6.212621107914101
-4.071567156960304,7.7183101217035235,1.4784837584234065
-5.059737020441984,7.110638879448842,2.3724968669887287
-4.68190142613073,-7.233612172210523,-0.5087645915069767
-6.065641841846911,6.862421313205271,1.347296446462307
4.907495504665752,-6.410648143259594,-6.036862151472412
-1.213762625348632,4.886198536750819,2.2221125698065607
9.78471376467208,4.189004719873965,-7.770016204496784
3.854437006452306,-6.930979983788812,-4.16107687046726
7.609258519427007,7.228566885000774,-5.7803235841491345
-4.277721727390642,-5.042329652491205,-7.942304258622779
-4.250488023795311,-6.7776622312658175,-2.0303076854209197
-6.171867029365582,7.950755783963918,1.1472661900462529
-6.816271442833057,4.039233045708188,-8.988031529389595
-4.525541978462096,2.206406922410446,-8.550419501771003
-5.343023704379266,-6.7704114419130255,-7.49700942978379
9.14923168140393,4.625494870194793,-6.09396207889343
-3.8803651811091298,-10.216669235968675,7.855932803678663
-0.8816611558329375,4.4296517237869155,2.3824856396156546
3.7650517765192055,0.5213159335250064,-5.550470552047502
-1.8177186786654533,7.453137162350263,-7.047305537530764
-4.998746516664589,7.031579425962573,1.4534695557558068
-3.7389607512307865,-7.367815805820614,8.076162040012212
-1.5137738029094476,7.195247665642214,-6.598482773624312
-6.989830502825117,4.207902328956764,-8.022604005611852
8.498008839275187,4.986685755462038,-5.134017817403003
-6.311973046149914,6.493256341674632,2.8798923486113246
1.7414359377683337,5.0020685742654365,5.203374541138442
-4.583572052395475,-9.273798702792899,8.874735371661473
5.151674085316912,-6.891580712256198,-4.781239679000135
-3.1041877404506417,-6.955555983148804,-7.871371293530546
9.394138534002657,6.765571134467601,-5.9259823864000225
4.035730839809158,-0.6759658192299615,-6.410437111225143
-1.3203704307002837,5.2095755855298815,5.238432424890353
-3.925318174986229,-8.741593143553786,7.561519618769943
-3.849137810497252,6.299592945772249,0.008505368402548008
5.321669507159207,-0.9624735976978849,-5.692557887513907
-4.2106667598171885,-6.284673425737803,-1.7342299642124623
-2.3984928520595346,-9.522107506648751,8.081218391298927
-1.6338854230095887,5.255897772083483,3.5093883148866434
6.6394112672573815,7.591684169761627,-6.786482674086087
3.1424616885618253,-5.120262153843686,-5.636524040312172
3.2641222921849407,1.1751598348706391,-3.2669487204806784
-1.5358018291276758,7.3191607418784805,-8.063756609760647
-3.433064789362772,8.262495379588202,0.36203402494618553
-0.7119324716711967,8.80315445300407,-6.762609847965027
2.453302658117504,-5.948192918751249,-3.749167699201534
-6.091756444492626,4.599928422437823,-8.45373303584992
-2.0134388291126606,7.296935369099516,-5.922743646777128
8.717186967428372,4.307058524077452,-4.678714554196612
-5.169495428875104,-9.840236175694745,8.061141258314926
-5.433749234352238,-7.9303995113843495,7.161580997837136
1.5536650383955186,-1.0658725962061875,-5.720672280754601
-2.8975592894123956,-7.724745327506611,9.216527000322237
4.002890217156337,-0.6834941672813916,-5.784870550179388
-0.7442664217625354,8.49886660573548,-6.226089439654306
-3.2059018459887896,-6.700344815277031,-1.4962906925462267
-3.906512892328272,8.26248787602292,0.9287363679323992
-4.551142860649172,-9.650163865564688,-1.010952786204667
3.111180615434021,-6.010629099688746,-5.917384888273214
-5.191459818952441,-7.096998063858845,-1.322753186686052
3.8669423227715294,-5.908732531505728,-5.32276186862085
8.639477370135836,5.413615987875304,-5.509448797164566
-0.9373170219683137,8.467811384196516,-6.919335627136202
-2.606902995630037,-10.044477846483742,7.903206458187042
3.934134218635347,-2.940912958519981,-4.805144897679647
-0.01152131088945485,5.411061277288778,2.8387026499349317
-6.914940853859607,4.107350781977918,-8.530275095376751
9.4521970967558,7.060827638695633,-6.795296195075578
-5.42301935222449,-7.587022083855739,-2.544296913719746
-4.452654324943957,-7.466219694187064,-0.8089655075665709
-4.924044717789743,-6.942635183082712,-7.460996588234016
3.6048404042930136,1.4553975612887582,-5.294084810370119
-1.0529027838882887,5.675859055469427,5.046486200785315
-0.029450957419038915,7.85456242725388,-7.0568559990171735
-3.764245378530183,-7.324875883586113,-8.76180884045534
-1.4847703551231186,7.928311299920317,-8.23282910232401
0.5779514211092047,2.7782841592168417,3.0932323748503654
-0.7474911113556945,6.864238752712275,-8.192506208759866
-3.737690575892806,-5.859313089693673,-9.086329205040288
9.667788689367992,6.418020484634924,-6.1749793243652205
-6.730173982718835,-5.676704361721875,-1.6977759969949044
-0.33017038559428324,5.926757556848779,-7.179737095838222
-5.577960889873342,-7.721075262009716,-8.149772607982529
-5.850705846224004,8.792138986886181,0.5176857362421108
10.529202710111583,5.093192967243362,-5.7586944195078065
-3.7896316782980497,8.359341811740347,-0.7827865141771029
5.685784680863091,-4.351414275399775,-4.3712395952418674
-5.011363846625029,-7.12215494242951,-2.816369161693816
-5.779808879928184,7.4176491842443575,2.3390669974473206
2.0197136398024464,1.6062801678732403,-3.7328332125603705
-4.014626696035569,-7.836699471008753,-1.5755160622487752
-5.142311047489919,-8.162337307318985,-0.7261001648406327
4.435325605424317,1.5838739524948033,-6.881287303732018
-5.131582859881965,-7.68484007181258,-2.4341233103754476
-2.4071658903044506,6.095651464102245,-7.064527786905436
-7.185847885494114,3.5599179601622906,-7.282812320464524
-0.1586720659117336,4.437733651818545,3.860682184984861
-7.256157696628268,3.837541921284941,-8.159398926271509
-7.855489974065022,5.361446321446886,-8.604295261824628
8.805502011373738,5.945581768547655,-3.9828200682882082
-7.912429145542298,4.144244175921409,-8.346789157373882
-1.9866081031213683,7.396327271596106,-7.928267336405503
0.6588557870448526,4.692464679781132,3.1291052997273856
-5.264558272582389,-8.476393959529481,-2.2887952739270796
3.674391046066449,-6.1605484865828135,-6.34233763569104
-7.952173587163415,4.086117226670896,-6.902666821688017
0.12493392710250095,7.76939949597589,-6.274585392833362
-4.084160213518474,-7.931129266730571,-2.137037641920399
-7.271909600815164,4.5734518925948295,-6.7387134054079105
-1.4981527701241522,9.02303633150648,-7.0965166904886505
0.19295849494333417,5.816326001895646,2.6053791992212307
-0.14006449980346197,4.5596270639274845,2.421992296986301
-5.140616059982886,-7.80598841894059,-2.162736117344032
9.612712002066711,5.304027079162585,-5.108288341340159
4.4480764768414875,0.8448927595816775,-5.798019111322815
3.4909658849733307,-5.169663399332948,-6.2666262025933035
-6.948741525088019,7.450264195224083,1.5690617816620218
3.4834370703814166,-6.508263489044692,-4.601364102710506
-4.132194713248591,-6.315659454095014,-9.660275403396202
-4.709530047723228,-9.729811774382728,-2.2185128135221954
-4.54542682252471,-5.744492393729183,-6.810771326352407
8.13559760237513,6.451493334836074,-9.000223487368167
3.0883789367955474,-1.206439089902608,-5.0058310997220685
-1.9231273786790426,8.46579893218442,-6.451541327635545
3.5114917619720973,-5.823616365355541,-6.736129346825976
-2.1679207718810023,7.3537449066313,-7.301219951542414
0.36082011333502173,6.681164664697474,-8.122761534551714
2.688068148484935,-6.113102436466439,-6.282856027535243
-0.6741778276452018,3.134785562273991,4.39684502650525
-3.1010421289698242,7.003973605803882,-0.28748854023853165
-3.571281876730509,-7.880934697572691,8.694042065431491
-5.498475606035486,7.782930097492105,1.0227964475081999
-5.4028503631527105,7.899809724551547,0.7298045871229957
8.661603226679704,4.727741577224048,-6.639531414343072
-1.0335309653927724,7.454258717628912,-5.767996899584551
-1.625364007065494,10.15455423725873,-6.887499411727476
-3.0764622797688603,-7.657509836877507,-2.7386201382548037
4.641081327541313,-4.884838889384698,-4.497989534511482
-3.8247215833423653,-7.328155146123506,-1.6647191304017142
4.515408854233519,-5.014178465215319,-6.1998742067459585
